id_,fitted
166,6.750878787817859
338,5.902525111951478
11,5.7416519817622715
233,5.56886079428089
191,5.542365779544462
342,5.421729580476074
313,5.110902328211806
294,5.0775539125202
460,4.941111528295832
162,4.938799444321676
171,4.8881514220300915
147,4.747777722713417
29,4.671209510743634
291,4.662436998929879
215,4.646223041684218
502,4.634085117924141
150,4.62375214098592
278,4.505444654247837
410,4.482435622520949
159,4.453372402541317
409,4.45322502307054
269,4.433515294939649
488,4.405621601347912
214,4.349227899128275
219,4.271891439952652
377,4.262841189729212
297,4.233223210364842
344,4.223072511812983
187,4.182434579425004
349,4.177525330710365
168,4.100791467599412
431,4.082128474346387
243,4.073438699239104
463,4.072865453736478
254,4.005567604733244
411,4.002396444116839
448,3.995528994560856
164,3.990897484255902
494,3.990376626963549
47,3.9839350445503707
432,3.972584213422553
239,3.9502458932209286
262,3.9380381399171225
54,3.928231145557622
471,3.8607016807415
401,3.8336274011641747
321,3.820223379045465
212,3.8020928564722523
93,3.783791088708682
31,3.781555149457654
42,3.781555149457654
498,3.781555149457654
428,3.774326474412217
30,3.7609224522935074
235,3.751990308676854
183,3.75090870688581
133,3.7323103552861348
161,3.73184578922533
131,3.7305422450615686
468,3.7292226817494987
14,3.7194327845089656
415,3.7145350388641054
211,3.6748134813041298
280,3.656352081737661
402,3.6527196840781375
289,3.642605679555917
84,3.622250720801455
97,3.608846698682745
248,3.604705697173945
366,3.6039549723761564
345,3.6029482948149942
181,3.599310990804091
417,3.598530350100672
198,3.5658599882909714
293,3.5629497940494974
193,3.553861129823597
295,3.5289130747666406
148,3.5204067982927914
196,3.508878487869811
423,3.4917886819471478
94,3.469452516211785
138,3.43328086716572
176,3.421680897816963
363,3.41987684504701
111,3.418924101273582
403,3.401048200652816
65,3.401048200652816
470,3.3835031770253057
134,3.381208615459199
399,3.380988748991295
414,3.3757839931837146
67,3.371733107229317
504,3.3677870709324385
218,3.363186554503773
75,3.362379971065005
128,3.360085409498898
57,3.359865543030995
475,3.332974762087103
396,3.325255578245512
143,3.301535207544729
100,3.2984475340080928
301,3.293816023703138
203,3.2881311854260193
70,3.2698489084689584
380,3.264410814725236
283,3.253603957347009
420,3.24791911906989
113,3.246358653945424
225,3.244831445533254
141,3.2367670874257897
83,3.2360589337194985
325,3.2272864219057427
151,3.195846867363369
451,3.1860210275774494
91,3.1806522639429446
286,3.175214170199222
511,3.169612068628576
17,3.164897821617149
443,3.1556306439182027
266,3.152317011293355
255,3.149949962730121
447,3.1484061259618024
192,3.143699788054183
182,3.1318811735941607
271,3.126229592029338
5,3.1231419184927014
105,3.121598081724383
167,3.1158083572984543
85,3.104053058096873
160,3.0947900374869635
358,3.0868106376437385
336,3.0860858555812984
493,3.0829298521365724
320,3.081386015368254
139,3.077918910652322
500,3.059209481435789
102,3.059209481435789
331,3.0450547345192907
373,3.0367727315016895
309,3.029190391395035
421,3.0282114859512688
407,3.0251727621529323
395,3.0159097415430236
119,3.0159097415430236
467,2.9952770443788768
368,2.9887181090372708
341,2.9600637331554274
256,2.949380139745628
69,2.9272036058131636
200,2.921821370710421
49,2.914721225221846
122,2.911765238129982
452,2.897881133541734
303,2.8941009993248104
217,2.8931955810792984
307,2.892676377734153
393,2.8910091686991364
503,2.880065467585973
516,2.8720436805700063
308,2.860756740722241
15,2.860183495219615
459,2.852464311378024
354,2.846028748303117
273,2.836463124518832
275,2.8324048597165037
486,2.8292344494733945
389,2.8261467759367584
492,2.8246029391684404
241,2.8205728386592264
18,2.8199672717744484
390,2.819238332622972
19,2.815339918558531
330,2.807443255421778
153,2.8008784113786196
135,2.800004314314133
221,2.791619547857748
208,2.7770605333769565
382,2.770986850693601
274,2.769443013925283
124,2.758375940545421
82,2.752951318269937
4,2.7426349696878636
525,2.7377432433812743
302,2.734669041312876
244,2.717370762218762
517,2.7148438629176406
318,2.713070128907063
305,2.6982819018229334
315,2.696738065054615
158,2.6848778797042234
61,2.6802463693992693
478,2.65343832516185
466,2.639066933536341
369,2.6358465733538052
189,2.6320549031999145
362,2.592333345639939
226,2.587019624364042
438,2.5847468484442473
22,2.5776457027545456
455,2.571338669236501
350,2.565525301402519
376,2.556979748878103
440,2.5539253320537627
108,2.5539253320537627
333,2.550086933719338
355,2.5444020954422193
284,2.5278171273445604
98,2.5214158211830764
3,2.507258852708812
506,2.44431363527374
357,2.438713755260859
184,2.4134495477917577
172,2.4060901865026754
59,2.3644534985558896
137,2.3636344438500108
62,2.2997394205944315
476,2.2697037021975293
287,2.2642115662963263
259,2.2120491990354028
210,2.2089241116974336
282,2.2017619500765884
252,2.2001890136850113
491,2.199259057979545
457,2.1852203693527987
207,2.1023432296119404
465,2.086432158307151
454,2.026673979471335
445,1.9799081350637642
505,1.8804894145991167
265,1.8299609996609139
453,1.7737685318907772
154,1.760217130301291
90,1.75416837725361
378,1.6941842393295823
123,1.6783757548463059
520,1.6766027372308827
246,1.6641568351107543
68,1.6531115473772044
458,1.6231132427816353
392,1.602583132439002
199,1.5773189249699007
12,1.5773189249699007
186,1.5663193652157577
79,1.562285107617507
58,1.4762620950934955
118,1.450997887624394
508,1.4106873915357885
364,1.3815039845570611
38,1.37520526521709
529,1.37520526521709
258,1.349941057747989
126,1.349941057747989
116,1.3255208475189881
21,1.3255083762518771
101,1.3246768502788875
359,1.299412642809786
103,1.299412642809786
28,1.299412642809786
276,1.2804513117696925
106,1.2741484353406847
188,1.2741484353406847
370,1.2741484353406847
152,1.2615759391949648
270,1.2494616304632464
405,1.2488842278715833
44,1.233842096341116
442,1.198355812933381
391,1.198355812933381
63,1.198355812933381
304,1.198355812933381
197,1.198355812933381
142,1.198355812933381
388,1.198355812933381
185,1.198355812933381
346,1.198355812933381
501,1.1920737219495579
92,1.1643398790957091
319,1.1225631905260767
515,1.1036101736640573
343,1.0972989830569755
267,1.0972989830569755
129,1.0925690430195445
430,1.075966446364611
469,1.0720347755878743
381,1.0720347755878743
461,1.0633814789517801
222,1.0594622794421542
528,1.039665265340034
487,1.0333707030891002
328,1.0215063606496715
526,1.0215063606496715
81,1.0206997772109037
371,0.9962421531805702
340,0.9709779457114689
37,0.9457137382423676
55,0.9204495307732662
347,0.9204495307732662
522,0.9055224573314231
437,0.9007592605816965
279,0.899108679902828
253,0.8951853233041649
439,0.8951853233041649
290,0.8951853233041649
174,0.8810773045682008
518,0.8699211158350636
285,0.8699211158350636
144,0.8699211158350636
50,0.8651953328866695
224,0.8502308456434937
206,0.8446569083659623
404,0.8446569083659623
374,0.8265187891207846
24,0.8193927008968609
490,0.8193927008968609
234,0.8193927008968609
96,0.8193927008968609
507,0.8193927008968609
450,0.8193927008968609
204,0.7941284934277596
496,0.7941284934277596
288,0.7941284934277596
195,0.7688642859586583
353,0.7688642859586583
180,0.7688642859586583
323,0.7688642859586583
175,0.7688642859586583
238,0.7688642859586583
87,0.7688642859586583
524,0.7436125497566679
332,0.7436000784895569
107,0.7436000784895569
242,0.7436000784895569
157,0.7373179875057339
127,0.7183358710204556
298,0.7183358710204556
422,0.7183358710204556
36,0.7183358710204556
433,0.7049401630798198
86,0.6930716635513543
519,0.6930716635513543
434,0.6930716635513543
352,0.6678157702603269
281,0.667807456082253
163,0.667807456082253
194,0.6576061655888039
146,0.6425432486131517
6,0.6425432486131517
310,0.6425432486131517
441,0.6425432486131517
406,0.6252241840738528
523,0.6172790411440503
532,0.6172790411440503
306,0.6172790411440503
117,0.6172790411440503
202,0.6172790411440503
386,0.6172790411440503
114,0.6172790411440503
329,0.592014833674949
251,0.592014833674949
512,0.5667506262058477
416,0.5667506262058477
220,0.5667506262058477
314,0.5667506262058477
110,0.5667506262058477
481,0.5494315616665488
489,0.5470603560142779
247,0.5414864187367463
34,0.5414864187367463
379,0.5414864187367463
136,0.5414864187367463
394,0.5414864187367463
132,0.5414864187367463
446,0.5414864187367463
205,0.5414864187367463
53,0.5414864187367463
145,0.5312892853323342
514,0.516222211267645
260,0.516222211267645
46,0.516222211267645
35,0.516222211267645
337,0.516222211267645
165,0.4909580037985437
497,0.4909580037985437
268,0.4909580037985437
444,0.4909580037985437
397,0.4909580037985437
16,0.4909580037985437
1,0.4909580037985437
509,0.4894183241192625
80,0.4656937963294424
365,0.4656937963294424
60,0.4656937963294424
41,0.4656937963294424
435,0.4656937963294424
356,0.4656937963294424
45,0.4656937963294424
227,0.4656937963294424
375,0.44042958886034106
249,0.44042958886034106
26,0.44042958886034106
39,0.44042958886034106
125,0.44042958886034106
78,0.44042958886034106
27,0.44042958886034106
472,0.44042958886034106
408,0.44042958886034106
130,0.44042958886034106
348,0.4151653813912397
473,0.4151653813912397
179,0.4151653813912397
245,0.4151653813912397
120,0.4151653813912397
436,0.4151653813912397
213,0.4151653813912397
429,0.4151653813912397
456,0.4151653813912397
2,0.4151653813912397
361,0.4151653813912397
449,0.4151653813912397
250,0.4151653813912397
277,0.4151653813912397
229,0.4151653813912397
231,0.4151653813912397
510,0.4151653813912397
104,0.4151653813912397
10,0.4151653813912397
527,0.4151653813912397
335,0.4151653813912397
7,0.3899011739221384
209,0.3899011739221384
8,0.3899011739221384
9,0.3899011739221384
360,0.3899011739221384
52,0.3899011739221384
477,0.3899011739221384
367,0.3899011739221384
474,0.3899011739221384
427,0.3899011739221384
95,0.3899011739221384
383,0.3899011739221384
351,0.3899011739221384
51,0.3899011739221384
387,0.3899011739221384
89,0.3899011739221384
384,0.3899011739221384
419,0.3899011739221384
20,0.3899011739221384
418,0.3899011739221384
149,0.3899011739221384
400,0.3899011739221384
372,0.3899011739221384
412,0.3899011739221384
13,0.3899011739221384
513,0.3899011739221384
109,0.3899011739221384
413,0.3899011739221384
155,0.3899011739221384
339,0.3899011739221384
121,0.3899011739221384
462,0.3899011739221384
156,0.3899011739221384
112,0.3899011739221384
385,0.3899011739221384
398,0.3899011739221384
479,0.3899011739221384
88,0.3899011739221384
495,0.3899011739221384
48,0.3899011739221384
99,0.3899011739221384
140,0.3899011739221384
115,0.3899011739221384
56,0.3899011739221384
